转发数	评论数	点赞数	字数	类别
18	19	30	0 	活泼
2	98	29	9 	活泼
29	24	125	0 	活泼
0	17	18	129 	正经
1	16	15	0 	活泼
5	32	15	22 	活泼
0	8	14	70 	正经
7	31	33	137 	正经
2	50	54	52 	正经
1	25	28	63 	活泼
2	65	34	118 	正经
1	45	32	0 	活泼
0	22	19	0 	活泼
4	89	38	43 	活泼
4	50	17	137 	正经
1	54	20	0 	活泼
12	100	44	40 	活泼
3	21	15	132 	正经
2	16	25	0 	活泼
3	13	17	81 	正经
14	93	89	11 	活泼
5	81	56	32 	活泼
5	28	24	104 	正经
3	21	22	78 	正经
0	64	40	22 	正经
6	52	30	0 	活泼
3	123	46	37 	活泼
2	35	33	111 	活泼
0	27	14	0 	活泼
2	17	14	122 	正经
8	18	19	146 	正经
0	30	25	39 	正经
8	213	160	201 	活泼
9	146	145	23 	活泼
3	80	49	48 	正经
9	172	122	26 	活泼
3	59	40	68 	活泼
3	26	28	126 	正经
9	16	35	71 	正经
1	34	31	87 	活泼
2	47	46	36 	活泼
2	30	32	87 	活泼
1	23	15	56 	正经
4	113	37	88 	正经
2	40	16	94 	正经
1	23	12	78 	正经
0	18	18	109 	正经
5	48	24	119 	正经
10	87	24	0 	活泼
3	74	37	82 	活泼
6	74	38	42 	活泼
1	34	21	68 	活泼
2	34	24	74 	活泼
1	14	11	72 	正经
5	59	37	45 	活泼
2	12	24	33 	正经
2	15	33	100 	活泼
4	15	29	84 	正经
0	5	11	106 	正经
4	81	51	26 	正经
7	35	41	0 	正经
6	53	49	38 	活泼
22	83	93	109 	活泼
1	4	8	107 	正经
4	29	18	138 	正经
0	8	21	30 	正经
3	30	29	0 	活泼
4	34	65	17 	正经
1	54	60	25 	活泼
7	61	42	107 	正经
2	84	54	23 	活泼
6	63	42	0 	正经
17	33	62	0 	活泼
1	56	55	66 	活泼
2	82	83	35 	活泼
5	11	24	126 	正经
2	12	25	67 	正经
97	176	444	18 	正经
8	113	78	43 	活泼
5	29	40	41 	正经
0	7	14	97 	正经
6	60	25	137 	正经
2	53	50	31 	活泼
3	29	32	38 	活泼
148	37	56	0 	正经
5	27	39	0 	活泼
1	79	40	46 	活泼
6	29	32	87 	正经
5	12	30	66 	正经
1	28	42	10 	正经
18	178	97	13 	正经
6	49	52	0 	活泼
4	57	71	49 	活泼
3	44	45	0 	活泼
0	7	8	100 	正经
5	50	12	129 	正经
0	32	47	33 	活泼
2	59	50	0 	活泼
2	44	56	25 	活泼
5	40	43	22 	正经
0	38	48	0 	活泼
11	84	61	48 	活泼
9	13	29	128 	正经
4	12	31	59 	正经
1	17	15	36 	活泼
3	53	67	64 	活泼
15	113	80	58 	活泼
0	7	10	75 	正经
4	26	29	135 	正经
5	61	36	22 	活泼
1	58	67	52 	活泼
4	73	89	22 	活泼
11	100	138	33 	活泼
10	53	55	75 	活泼
5	43	29	109 	正经
0	12	28	79 	正经
3	7	30	132 	正经
5	5	24	67 	正经
2	34	44	66 	正经
0	8	21	85 	正经
16	53	75	122 	活泼
3	31	26	135 	活泼
4	56	33	84 	活泼
0	17	13	119 	正经
7	38	31	138 	正经
40	17	142	0 	正经
2	21	32	62 	活泼
3	58	77	15 	活泼
2	32	33	45 	活泼
9	80	66	59 	活泼
16	49	85	0 	正经
1	72	57	59 	活泼
58	123	220	35 	正经
7	68	72	94 	活泼
4	12	30	130 	正经
2	8	21	77 	正经
3	60	56	157 	正经
6	124	115	56 	活泼
11	111	76	113 	活泼
2	2	29	0 	活泼
0	9	17	39 	活泼
6	60	51	56 	正经
1	4	18	0 	活泼
0	5	12	138 	正经
3	20	33	130 	正经
4	15	17	0 	活泼
5	16	41	0 	正经
0	31	30	57 	活泼
2	23	14	104 	正经
7	46	75	0 	活泼
9	85	175	36 	活泼
2	59	45	59 	活泼
1	8	120	22 	正经
1	96	46	31 	正经
2	12	102	46 	正经
0	12	17	0 	活泼
3	128	41	0 	活泼
9	91	53	99 	活泼
7	37	38	128 	正经
6	16	22	74 	正经
5	142	49	0 	活泼
19	209	106	9 	正经
13	182	92	96 	正经
3	59	37	131 	活泼
18	144	51	101 	正经
8	123	72	24 	活泼
7	115	87	26 	正经
4	65	30	0 	活泼
5	167	59	0 	活泼
4	74	38	44 	活泼
6	99	46	34 	正经
8	161	81	38 	正经
0	154	38	27 	活泼
1	24	11	67 	正经
7	57	35	0 	活泼
1	39	14	61 	正经
61	98	61	0 	活泼
14	181	107	15 	正经
4	84	49	40 	活泼
3	53	28	49 	活泼
4	34	30	125 	活泼
7	32	36	101 	正经
3	21	29	106 	正经
5	116	67	68 	活泼
8	119	72	27 	活泼
4	40	79	0 	正经
3	12	17	112 	正经
5	75	15	138 	正经
402	324	144	198 	活泼
3	9	14	32 	活泼
2	50	50	0 	活泼
1	45	32	19 	活泼
0	2	8	0 	正经
2	6	65	33 	正经
4	8	30	106 	正经
3	82	38	66 	活泼
4	60	49	57 	活泼
2	10	29	45 	活泼
6	70	35	34 	活泼
4	51	39	60 	活泼
0	9	8	99 	正经
9	50	28	125 	正经
11	97	47	38 	活泼
0	55	30	0 	活泼
7	84	56	45 	活泼
11	38	37	171 	正经
0	71	25	34 	正经
4	101	36	28 	活泼
4	68	54	24 	正经
4	23	24	87 	正经
8	10	23	70 	正经
5	88	77	38 	活泼
8	95	114	17 	正经
9	83	52	112 	活泼
0	4	9	96 	正经
5	25	23	137 	正经
9	80	49	30 	活泼
58	109	213	73 	活泼
5	53	59	27 	活泼
14	117	160	38 	正经
10	36	29	26 	活泼
5	111	90	26 	正经
9	54	76	0 	正经
6	114	103	32 	活泼
5	8	33	98 	正经
3	6	19	66 	正经
7	61	88	32 	活泼
9	24	56	60 	活泼
3	22	35	0 	活泼
5	37	96	9 	活泼
6	23	62	0 	正经
1	10	12	126 	正经
4	28	39	57 	活泼
7	16	27	123 	正经
1	35	36	0 	活泼
4	83	43	67 	活泼
1	45	42	57 	活泼
6	84	34	42 	活泼
4	45	29	48 	正经
5	39	67	28 	活泼
0	12	25	34 	正经
3	15	22	138 	正经
6	7	30	74 	正经
3	34	49	46 	活泼
0	14	21	23 	正经
8	129	87	55 	正经
7	60	60	78 	正经
0	2	11	110 	正经
4	15	24	127 	正经
6	31	57	0 	活泼
3	69	76	0 	活泼
2	29	54	43 	正经
4	18	38	40 	正经
3	19	52	0 	正经
4	40	57	54 	活泼
65	50	103	0 	活泼
2	29	36	102 	正经
3	11	20	66 	正经
7	60	125	13 	正经
5	60	110	25 	活泼
3	14	50	23 	活泼
0	1	12	99 	正经
5	20	28	97 	正经
3	50	41	53 	活泼
18	45	73	0 	活泼
5	67	70	93 	活泼
2	66	38	56 	正经
0	8	21	97 	正经
2	40	40	42 	正经
2	41	83	0 	活泼
2	16	30	120 	正经
2	10	26	74 	正经
9	69	97	20 	正经
8	55	59	28 	正经
13	6	59	0 	活泼
4	25	41	60 	活泼
1	12	12	104 	正经
3	46	49	68 	活泼
5	20	26	126 	正经
5	87	61	34 	活泼
3	86	51	51 	活泼
1	43	53	0 	活泼
9	80	46	47 	正经
0	50	12	61 	正经
5	86	47	21 	活泼
1	57	37	41 	活泼
2	17	34	69 	正经
3	8	45	117 	正经
5	11	28	78 	正经
2	64	37	37 	活泼
8	74	61	51 	正经
8	66	67	42 	活泼
0	94	45	34 	活泼
3	16	12	137 	正经
3	57	17	134 	正经
0	65	36	86 	活泼
1	17	13	94 	正经
0	44	18	81 	正经
0	107	30	41 	正经
23	101	181	0 	活泼
4	90	103	19 	正经
12	177	182	30 	活泼
4	99	28	86 	正经
3	29	26	83 	正经
3	47	27	0 	正经
6	46	65	38 	正经
3	18	34	125 	正经
5	16	23	81 	正经
16	46	89	0 	活泼
8	53	46	149 	活泼
4	89	50	0 	活泼
2	68	37	23 	活泼
18	162	230	28 	活泼
5	69	60	46 	正经
1	16	15	93 	正经
8	198	65	0 	活泼
7	23	30	122 	正经
10	93	30	43 	活泼
3	49	25	0 	活泼
6	92	60	33 	活泼
5	35	18	187 	正经
3	88	43	59 	活泼
4	40	53	0 	活泼
4	47	39	103 	正经
6	11	22	63 	正经
8	50	30	0 	活泼
4	88	81	66 	活泼
7	187	104	35 	活泼
0	10	9	100 	正经
10	68	29	138 	正经
8	95	86	75 	活泼
0	57	28	50 	正经
5	12	40	0 	正经
11	144	111	42 	活泼
4	119	138	58 	活泼
10	95	68	120 	活泼
3	44	46	128 	正经
6	14	22	63 	正经
71	60	161	0 	活泼
0	38	33	100 	活泼
1	41	43	43 	活泼
3	33	33	0 	活泼
5	69	74	127 	活泼
2	29	20	137 	正经
5	29	32	138 	正经
4	53	38	72 	活泼
6	9	18	0 	活泼
11	114	65	75 	活泼
5	55	66	0 	活泼
1	65	89	2 	正经
10	41	78	0 	活泼
33	124	209	44 	活泼
7	217	73	66 	活泼
12	218	84	100 	活泼
3	95	76	54 	活泼
11	41	48	34 	正经
1	17	27	136 	正经
3	12	17	66 	正经
29	271	220	14 	活泼
31	206	291	24 	活泼
11	126	92	21 	正经
2	117	30	23 	正经
8	94	65	39 	正经
8	119	193	23 	活泼
1	20	56	0 	活泼
0	15	14	121 	正经
5	48	59	0 	活泼
9	75	32	125 	正经
3	86	35	0 	活泼
18	53	37	29 	活泼
1	31	21	0 	活泼
8	17	20	0 	活泼
3	75	28	0 	活泼
7	72	43	75 	活泼
13	153	205	21 	正经
14	225	141	108 	活泼
5	99	33	0 	活泼
13	116	123	51 	活泼
3	65	45	0 	活泼
3	31	15	0 	活泼
19	132	83	138 	活泼
3	46	34	78 	正经
1	49	23	0 	活泼
9	98	36	80 	活泼
3	34	28	102 	正经
2	14	25	77 	正经
4	58	54	62 	正经
167	67	503	0 	正经
8	61	79	61 	活泼
5	14	69	0 	活泼
0	52	33	39 	活泼
26	61	231	0 	活泼
10	101	63	77 	活泼
2	72	13	128 	正经
12	124	42	51 	活泼
2	63	21	110 	正经
2	30	21	107 	正经
4	38	25	136 	正经
4	80	34	58 	活泼
2	174	217	30 	活泼
5	59	101	41 	活泼
17	143	189	50 	正经
1	73	67	43 	活泼
27	105	280	28 	活泼
26	34	92	0 	活泼
45	56	121	0 	活泼
2	23	16	56 	正经
2	87	46	36 	正经
0	31	20	102 	正经
2	51	20	69 	活泼
0	4	12	30 	活泼
6	37	19	47 	正经
3	50	24	75 	活泼
8	86	65	75 	活泼
5	40	41	78 	活泼
2	10	25	136 	正经
2	8	26	89 	正经
3	80	98	68 	活泼
4	33	81	41 	正经
7	60	59	91 	正经
3	85	47	61 	活泼
16	52	94	0 	正经
1	84	27	67 	活泼
1	56	49	83 	活泼
0	7	13	123 	正经
1	115	151	43 	活泼
6	49	30	138 	正经
3	175	48	50 	活泼
1	56	22	81 	正经
2	76	49	49 	活泼
30	91	42	0 	活泼
6	149	50	84 	活泼
1	48	53	35 	正经
8	71	57	68 	活泼
1	13	32	137 	正经
4	25	48	137 	正经
3	16	27	75 	正经
15	94	114	45 	活泼
4	53	68	67 	活泼
3	28	26	0 	活泼
6	22	44	0 	活泼
50	100	270	10 	正经
28	89	68	65 	活泼
12	109	59	0 	活泼
17	103	68	90 	活泼
0	20	16	138 	正经
10	53	26	118 	正经
11	265	73	32 	活泼
4	80	32	54 	正经
4	65	41	0 	活泼
3	124	47	29 	正经
9	84	129	0 	活泼
4	74	51	81 	活泼
3	96	73	97 	活泼
3	55	47	0 	活泼
11	70	46	32 	正经
6	76	61	77 	活泼
1	40	47	71 	活泼
3	23	40	128 	正经
7	10	21	77 	正经
7	117	94	55 	活泼
0	84	70	15 	正经
9	128	122	60 	活泼
6	26	38	41 	活泼
1	13	13	133 	正经
9	44	22	137 	正经
1	19	14	56 	正经
7	115	47	65 	活泼
0	41	21	0 	活泼
2	48	34	49 	活泼
5	95	39	59 	活泼
4	80	41	109 	正经
4	28	14	188 	正经
1	72	24	112 	正经
9	56	45	156 	活泼
11	124	34	50 	正经
3	60	39	162 	活泼
7	64	38	138 	正经
3	40	56	116 	正经
5	26	26	113 	正经
7	18	20	91 	正经
1	18	22	79 	正经
0	57	25	0 	正经
5	44	25	91 	正经
8	38	45	168 	正经
5	110	62	91 	活泼
2	46	17	120 	正经
7	67	39	137 	正经
4	19	20	0 	活泼
1	46	29	91 	活泼
1	34	23	82 	正经
1	87	31	88 	正经
14	136	56	57 	活泼
3	62	37	78 	正经
0	18	23	0 	活泼
3	47	23	28 	活泼
6	41	30	111 	正经
6	17	22	63 	正经
15	21	35	125 	正经
5	35	35	138 	正经
8	91	66	64 	活泼
7	170	82	115 	活泼
9	84	45	92 	正经
6	63	60	103 	活泼
6	70	57	0 	活泼
8	37	23	0 	活泼
4	48	36	34 	活泼
6	44	24	17 	正经
18	106	49	29 	活泼
0	15	21	122 	正经
1	3	9	83 	正经
7	24	28	138 	正经
16	106	79	83 	活泼
6	66	46	37 	正经
6	101	39	71 	活泼
21	66	64	49 	活泼
5	19	27	124 	正经
4	8	25	61 	正经
17	110	92	69 	正经
1	49	53	37 	活泼
0	6	17	106 	正经
7	38	30	138 	正经
11	140	202	56 	活泼
7	69	110	6 	正经
2	58	73	0 	活泼
6	50	42	62 	活泼
2	73	55	32 	正经
18	150	146	138 	活泼
7	71	83	84 	活泼
7	44	41	94 	正经
9	94	70	69 	正经
0	19	23	0 	正经
43	430	186	103 	正经
62	405	103	138 	正经
11	103	62	0 	活泼
8	76	59	0 	活泼
55	203	59	138 	正经
97	465	119	70 	活泼
34	318	101	65 	活泼
17	75	46	137 	正经
6	27	46	135 	正经
4	24	28	84 	正经
6	62	54	39 	活泼
4	42	72	96 	活泼
8	84	50	38 	正经
1	36	28	124 	正经
1	38	39	50 	活泼
6	58	63	43 	活泼
15	38	40	138 	正经
2	80	69	44 	活泼
2	75	39	51 	活泼
1	29	38	48 	活泼
4	43	36	61 	正经
7	92	80	25 	活泼
3	17	32	104 	正经
4	6	35	70 	正经
2	69	43	74 	活泼
3	53	59	18 	正经
2	70	93	0 	正经
6	101	78	14 	正经
0	16	16	107 	正经
5	40	27	137 	正经
2	5	14	152 	活泼
1	43	28	0 	活泼
7	65	42	81 	活泼
1	32	31	16 	活泼
23	41	160	0 	活泼
2	54	49	69 	活泼
2	38	11	0 	活泼
20	54	32	0 	活泼
28	54	56	118 	活泼
6	38	34	0 	活泼
2	19	20	0 	活泼
18	129	78	111 	活泼
2	36	31	120 	正经
8	13	24	60 	正经
3 	64 	47 	64 	正经
19 	71 	191 	22 	正经
35 	101 	236 	117 	活泼
5 	112 	125 	127 	活泼
1 	9 	18 	115 	正经
3 	21 	15 	120 	正经
5 	76 	52 	19 	活泼
18 	84 	143 	21 	活泼
2 	52 	74 	5 	正经
1 	56 	29 	19 	活泼
5 	76 	36 	43 	正经
0 	71 	37 	34 	正经
6 	36 	22 	103 	正经
4 	16 	25 	69 	正经
25 	98 	45 	42 	活泼
6 	52 	34 	46 	正经
17 	66 	107 	0 	活泼
0 	4 	9 	93 	正经
4 	25 	24 	137 	正经
75 	60 	84 	0 	活泼
13 	97 	47 	55 	正经
17 	88 	131 	46 	活泼
8 	65 	46 	101 	正经
15 	40 	35 	214 	正经
7 	63 	41 	42 	正经
4 	52 	42 	118 	正经
5 	11 	38 	68 	正经
13 	121 	72 	27 	活泼
3 	97 	102 	53 	正经
1 	17 	11 	125 	正经
4 	19 	18 	129 	正经
2 	19 	11 	83 	正经
5 	81 	40 	66 	活泼
2 	82 	48 	64 	活泼
18 	172 	56 	70 	活泼
4 	51 	50 	137 	活泼
5 	10 	32 	74 	正经
12 	215 	79 	72 	活泼
1 	48 	48 	64 	活泼
0 	27 	15 	90 	正经
8 	109 	46 	191 	活泼
2 	35 	26 	140 	正经
7 	100 	45 	35 	活泼
3 	92 	65 	43 	活泼
10 	97 	54 	69 	活泼
5 	48 	32 	108 	正经
7 	12 	25 	76 	正经
2 	50 	34 	0 	活泼
9 	92 	49 	34 	活泼
9 	24 	96 	0 	正经
0 	13 	15 	108 	正经
10 	37 	40 	141 	正经
113 	34 	257 	0 	活泼
5 	20 	77 	0 	活泼
14 	21 	53 	0 	活泼
8 	31 	70 	79 	正经
21 	56 	97 	0 	活泼
8 	54 	53 	68 	正经
13 	80 	70 	45 	正经
8 	42 	35 	134 	正经
5 	9 	25 	76 	正经
12 	86 	83 	69 	活泼
32 	115 	250 	50 	正经
0 	24 	27 	138 	正经
10 	43 	58 	64 	活泼
0 	16 	16 	99 	正经
5 	30 	31 	73 	活泼
7 	20 	26 	138 	正经
16 	54 	77 	37 	活泼
96 	150 	159 	43 	活泼
13 	35 	141 	0 	活泼
3 	79 	40 	134 	活泼
1 	155 	45 	33 	活泼
3 	62 	54 	74 	正经
5 	52 	59 	44 	正经
6 	35 	30 	111 	正经
10 	22 	34 	74 	正经
21 	51 	76 	0 	正经
22 	130 	117 	14 	活泼
0 	23 	23 	115 	正经
5 	49 	21 	110 	正经
13 	138 	73 	57 	活泼
4 	66 	52 	42 	活泼
3 	149 	78 	20 	活泼
11 	90 	76 	48 	活泼
3 	51 	38 	70 	活泼
5 	41 	71 	55 	活泼
3 	15 	36 	128 	正经
10 	137 	92 	100 	正经
26 	73 	93 	0 	活泼
16 	128 	103 	144 	活泼
0 	26 	16 	99 	正经
5 	35 	25 	138 	正经
41 	98 	120 	36 	活泼
4 	81 	34 	55 	正经
14 	80 	98 	86 	活泼
18 	243 	116 	60 	活泼
11 	128 	90 	64 	活泼
4 	27 	31 	124 	正经
4 	13 	27 	70 	正经
5 	105 	137 	14 	正经
4 	86 	62 	52 	活泼
0 	24 	20 	96 	正经
4 	44 	23 	148 	正经
5 	21 	34 	0 	正经
3 	94 	56 	25 	活泼
21 	142 	80 	12 	活泼
3 	38 	22 	191 	正经
2 	86 	29 	16 	活泼
13 	75 	48 	137 	正经
3 	57 	31 	126 	正经
5 	10 	29 	74 	正经
11 	118 	73 	0 	活泼
9 	142 	91 	7 	正经
11 	28 	55 	117 	活泼
0 	22 	20 	98 	正经
6 	29 	12 	138 	正经
1 	30 	43 	0 	活泼
2 	166 	42 	36 	活泼
4 	112 	28 	84 	正经
8 	43 	14 	50 	正经
3 	54 	23 	78 	活泼
7 	52 	48 	85 	正经
4 	15 	41 	138 	正经
4 	14 	28 	81 	正经
1 	56 	31 	0 	活泼
8 	63 	53 	133 	活泼
1 	86 	55 	50 	活泼
5 	67 	30 	52 	正经
2 	14 	25 	57 	正经
0 	31 	13 	138 	正经
9 	69 	74 	64 	正经
2 	21 	17 	138 	正经
3 	124 	29 	49 	正经
17 	219 	98 	54 	活泼
8 	236 	57 	61 	正经
9 	187 	43 	15 	活泼
13 	89 	34 	52 	活泼
2 	39 	24 	100 	正经
3 	57 	33 	41 	活泼
7 	122 	71 	72 	活泼
6 	101 	37 	26 	活泼
2 	70 	72 	49 	活泼
1 	8 	11 	61 	正经
3 	30 	33 	15 	活泼
14 	66 	36 	117 	正经
9 	43 	36 	76 	正经
6 	12 	40 	138 	正经
6 	12 	25 	75 	正经
4 	50 	40 	42 	正经
0 	13 	19 	84 	正经
8 	86 	124 	51 	活泼
0 	4 	13 	102 	正经
5 	12 	22 	137 	正经
6 	17 	39 	0 	活泼
14 	22 	55 	0 	活泼
4 	69 	76 	43 	正经
16 	80 	190 	57 	活泼
3 	126 	95 	57 	活泼
7 	24 	22 	72 	正经
3 	6 	23 	105 	正经
3 	6 	19 	73 	正经
18 	51 	152 	0 	活泼
32 	43 	90 	0 	活泼
11 	89 	121 	108 	活泼
0 	7 	15 	114 	正经
4 	27 	40 	0 	活泼
3 	12 	22 	138 	正经
12 	27 	96 	0 	活泼
18 	63 	65 	75 	活泼
24 	102 	105 	29 	活泼
2 	38 	35 	0 	活泼
13 	73 	50 	14 	活泼
2 	12 	29 	0 	正经
4 	127 	58 	26 	正经
4 	27 	31 	118 	正经
2 	15 	29 	62 	活泼
22 	54 	122 	0 	活泼
12 	29 	77 	0 	活泼
46 	107 	153 	0 	正经
1 	17 	40 	0 	正经
1 	14 	15 	95 	正经
7 	21 	23 	140 	活泼
5 	21 	19 	0 	正经
7 	71 	59 	33 	正经
1 	52 	37 	69 	正经
2 	22 	11 	143 	正经
3 	50 	29 	47 	正经
6 	30 	27 	99 	正经
4 	19 	16 	61 	正经
5 	69 	103 	54 	活泼
5 	83 	58 	34 	活泼
3 	83 	66 	29 	正经
0 	2 	18 	101 	正经
3 	12 	23 	138 	活泼
3 	51 	39 	66 	活泼
5 	49 	60 	0 	活泼
23 	94 	194 	21 	活泼
2 	27 	28 	44 	正经
2 	30 	50 	0 	正经
4 	40 	41 	30 	正经
6 	23 	21 	111 	正经
2 	8 	17 	67 	活泼
3 	23 	52 	0 	活泼
42 	538 	180 	0 	活泼
3 	56 	33 	0 	活泼
44 	12 	17 	0 	活泼
67 	102 	58 	0 	活泼
4 	18 	62 	0 	活泼
32 	138 	105 	19 	正经
0 	5 	10 	131 	正经
1 	3 	9 	131 	正经
6 	18 	16 	135 	正经
0 	13 	24 	51 	活泼
9 	20 	19 	0 	活泼
12 	9 	58 	0 	活泼
1 	32 	50 	0 	正经
10 	19 	16 	182 	活泼
3 	37 	66 	58 	正经
4 	27 	23 	113 	正经
3 	14 	19 	68 	活泼
31 	77 	151 	147 	活泼
84 	133 	138 	0 	活泼
0 	21 	36 	0 	正经
0 	9 	11 	100 	正经
7 	18 	14 	134 	活泼
6 	64 	79 	34 	正经
7 	78 	94 	25 	正经
2 	12 	13 	0 	活泼
8 	74 	66 	36 	正经
5 	22 	27 	103 	正经
7 	14 	24 	69 	正经
3 	34 	49 	28 	活泼
14 	38 	65 	0 	活泼
30 	104 	89 	110 	正经
1 	8 	14 	97 	活泼
30 	49 	83 	184 	正经
5 	17 	17 	138 	活泼
1 	10 	13 	0 	正经
4 	42 	35 	34 	活泼
38 	23 	79 	0 	活泼
6 	78 	102 	26 	活泼
4 	136 	75 	34 	正经
4 	49 	31 	109 	正经
4 	18 	25 	66 	活泼
20 	96 	64 	0 	活泼
7 	41 	26 	0 	活泼
68 	166 	110 	52 	活泼
28 	89 	85 	0 	活泼
2 	27 	98 	23 	活泼
5 	30 	30 	0 	正经
0 	9 	17 	122 	正经
6 	14 	27 	147 	活泼
14 	1 	38 	0 	活泼
13 	82 	53 	0 	正经
2 	37 	27 	118 	活泼
53 	20 	51 	0 	活泼
5 	72 	58 	0 	活泼
1 	7 	18 	0 	活泼
1 	50 	56 	136 	正经
3 	34 	25 	131 	正经
3 	11 	19 	83 	正经
7 	93 	68 	33 	活泼
67 	39 	154 	0 	正经
6 	45 	74 	13 	活泼
22 	264 	269 	23 	正经
15 	38 	60 	36 	正经
0 	4 	14 	117 	正经
4 	10 	8 	137 	活泼
1 	18 	27 	0 	活泼
44 	10 	137 	0 	活泼
25 	28 	89 	0 	正经
6 	48 	103 	22 	活泼
59 	12 	83 	0 	活泼
5 	20 	18 	0 	正经
3 	24 	22 	0 	活泼
28 	5 	45 	0 	活泼
7 	74 	113 	41 	正经
1 	24 	22 	118 	正经
5 	9 	25 	83 	正经
7 	33 	93 	0 	正经
3 	29 	28 	110 	活泼
4 	55 	50 	0 	活泼
47 	63 	103 	0 	活泼
5 	15 	47 	0 	正经
28 	54 	105 	53 	正经
0 	26 	16 	122 	活泼
7 	30 	55 	49 	正经
9 	22 	13 	137 	活泼
96 	62 	156 	0 	正经
65 	50 	71 	0 	活泼
409 	293 	423 	15 	活泼
16 	54 	71 	121 	活泼
7 	45 	70 	0 	正经
9 	45 	37 	56 	正经
2 	18 	13 	0 	正经
3 	17 	24 	93 	正经
6 	10 	19 	67 	活泼
12 	17 	74 	0 	正经
4 	24 	42 	0 	正经
0 	12 	11 	110 	正经
6 	44 	34 	138 	正经
1 	17 	21 	0 	活泼
5 	83 	49 	0 	活泼
9 	94 	80 	60 	正经
3 	22 	26 	94 	正经
4 	13 	18 	61 	活泼
6 	76 	53 	31 	正经
27 	20 	95 	0 	活泼
9 	4 	42 	0 	正经
0 	9 	21 	119 	正经
20 	39 	97 	75 	正经
6 	15 	26 	137 	活泼
19 	78 	113 	0 	活泼
2 	1 	19 	0 	活泼
12 	66 	58 	0 	活泼
1 	12 	16 	0 	活泼
1 	40 	36 	0 	正经
1 	24 	43 	65 	活泼
5 	57 	40 	0 	活泼
4 	42 	66 	40 	正经
2 	29 	26 	113 	正经
15 	16 	24 	67 	活泼
7 	72 	117 	17 	活泼
3 	16 	101 	0 	活泼
11 	113 	126 	50 	正经
0 	4 	14 	112 	正经
5 	10 	23 	127 	活泼
2 	14 	26 	42 	活泼
18 	195 	65 	56 	活泼
1 	50 	105 	29 	活泼
0 	26 	19 	0 	活泼
2 	1 	13 	0 	活泼
14 	77 	48 	0 	正经
5 	48 	123 	60 	活泼
47 	129 	874 	0 	正经
3 	23 	26 	85 	正经
2 	12 	17 	64 	活泼
6 	95 	190 	32 	正经
22 	89 	339 	10 	活泼
16 	34 	129 	0 	正经
38 	62 	256 	10 	活泼
36 	14 	197 	0 	活泼
7 	87 	198 	23 	活泼
2 	103 	61 	42 	正经
2 	17 	22 	106 	正经
1 	18 	20 	105 	正经
7 	8 	23 	133 	正经
80 	102 	134 	89 	活泼
38 	138 	112 	48 	活泼
13 	17 	26 	0 	活泼
89 	28 	188 	0 	正经
1 	30 	61 	44 	正经
4 	32 	41 	40 	活泼
9 	91 	111 	35 	正经
6 	22 	38 	62 	正经
3 	15 	13 	112 	正经
2 	3 	15 	70 	活泼
2 	137 	59 	0 	活泼
676 	373 	929 	49 	活泼
5 	83 	198 	23 	正经
8 	14 	22 	99 	正经
11 	11 	22 	137 	活泼
42 	100 	129 	17 	活泼
6 	32 	64 	0 	正经
17 	58 	208 	101 	活泼
18 	54 	357 	32 	活泼
28 	240 	100 	0 	活泼
34 	13 	26 	0 	正经
2 	10 	19 	100 	正经
0 	15 	27 	57 	正经
7 	19 	29 	132 	正经
3 	7 	15 	75 	活泼
7 	46 	103 	0 	正经
5 	19 	80 	0 	正经
1 	11 	14 	97 	正经
5 	21 	29 	137 	正经
48 	91 	187 	64 	正经
10 	31 	25 	69 	活泼
1036 	520 	217 	256 	正经
2 	23 	28 	132 	活泼
1 	24 	32 	57 	正经
2 	11 	21 	119 	正经
3 	40 	55 	74 	正经
6 	29 	26 	104 	正经
4 	9 	16 	73 	活泼
7 	51 	68 	21 	活泼
4 	13 	74 	0 	正经
2 	102 	103 	59 	正经
0 	10 	19 	97 	正经
8 	6 	17 	137 	活泼
5 	20 	83 	0 	正经
0 	30 	22 	84 	正经
10 	121 	111 	38 	正经
2 	33 	33 	138 	正经
5 	17 	27 	73 	正经
7	87	62	23 	正经
20	86	100	103 	活泼
1	11	24	0 	活泼
1	5	6	123 	正经
13	152	123	28 	活泼
9	21	33	0 	活泼
23	71	106	7 	正经
6	19	22	138 	正经
19	102	68	0 	正经
17	48	64	31 	活泼
7	107	63	34 	活泼
5	61	62	0 	活泼
6	64	45	0 	活泼
0	25	34	0 	正经
11	108	71	77 	活泼
4	26	31	116 	正经
6	16	30	61 	正经
12	36	90	0 	活泼
5	16	66	0 	活泼
3	12	87	0 	正经
1	9	20	94 	正经
4	29	27	137 	正经
1	7	20	0 	活泼
2	18	15	122 	正经
4	7	76	0 	活泼
4	12	7	0 	活泼
63	17	132	0 	活泼
0	18	29	234 	活泼
1	41	25	40 	正经
2	25	16	0 	活泼
5	29	25	139 	正经
6	26	27	138 	正经
6	8	28	63 	正经
33	65	120	0 	活泼
3	4	38	0 	活泼
0	32	28	0 	活泼
8	49	68	61 	活泼
2	7	19	81 	活泼
148	11	155	0 	活泼
3	14	14	95 	正经
5	20	31	137 	正经
3	16	23	29 	正经
14	34	44	0 	活泼
7	6	32	0 	活泼
6	40	42	32 	正经
0	61	38	0 	正经
3	34	20	0 	正经
1	5	12	0 	活泼
3	45	54	0 	活泼
2	28	27	0 	活泼
1	51	37	63 	活泼
4	19	33	125 	正经
5	5	16	68 	正经
0	34	50	6 	正经
11	10	117	0 	活泼
9	57	45	154 	活泼
1	2	10	119 	正经
2	98	88	31 	正经
1	6	15	138 	正经
4	20	25	0 	活泼
0	48	36	61 	活泼
0	39	70	10 	活泼
13	32	144	0 	活泼
3	33	17	0 	活泼
4	31	37	54 	正经
7	37	34	112 	正经
6	14	29	75 	正经
11	39	35	0 	活泼
7	21	46	0 	活泼
1	2	80	0 	正经
8	50	85	0 	活泼
2	11	50	0 	活泼
4	8	55	0 	正经
18	68	112	0 	活泼
1	17	14	138 	正经
1	2	11	98 	正经
5	13	25	0 	活泼
2	29	26	0 	活泼
10	22	65	0 	活泼
5	15	17	92 	正经
6	21	49	0 	活泼
1	25	25	82 	正经
21	11	81	0 	正经
2	13	24	85 	正经
12	26	55	59 	正经
11	44	77	67 	活泼
7	35	43	74 	活泼
4	8	22	114 	正经
2	7	18	63 	正经
8	107	151	40 	正经
4	52	74	20 	活泼
0	16	18	0 	正经
7	34	83	0 	活泼
5	20	24	0 	活泼
9	18	28	699 	正经
0	4	12	137 	正经
4	12	31	138 	正经
2	51	52	56 	活泼
2	8	16	0 	活泼
0	11	19	0 	活泼
3	28	32	24 	正经
8	33	35	85 	活泼
0	5	13	127 	正经
1	6	18	0 	正经
6	9	37	0 	活泼
3	9	14	112 	活泼
6	32	87	24 	正经
3	57	27	55 	活泼
0	5	11	0 	活泼
1	14	17	0 	活泼
3	20	46	95 	活泼
0	31	21	70 	活泼
7	33	30	133 	正经
6	11	19	69 	正经
1	34	30	0 	活泼
8	46	48	52 	活泼
0	7	17	0 	活泼
0	16	54	0 	正经
2	17	20	115 	正经
4	26	35	133 	正经
1	59	59	38 	正经
3	52	45	0 	活泼
3	34	52	0 	活泼
7	65	69	26 	正经
4	47	44	67 	活泼
3	16	34	124 	正经
5	7	25	71 	正经
10	70	90	0 	活泼
21	134	70	50 	活泼
5	33	39	0 	活泼
3	61	52	0 	活泼
2	9	13	210 	正经
1	3	16	127 	正经
6	24	27	137 	正经
16	90	55	0 	活泼
0	13	30	31 	活泼
5	46	53	25 	活泼
2	27	37	64 	正经
8	10	16	0 	正经
0	52	27	69 	活泼
12	48	115	36 	正经
10	129	100	0 	活泼
7	20	36	113 	正经
5	11	30	71 	正经
8	51	111	66 	活泼
0	29	35	93 	活泼
1	14	24	0 	活泼
3	34	34	0 	活泼
6	48	42	0 	活泼
12	79	75	0 	活泼
7	10	36	0 	正经
7	44	33	0 	活泼
0	24	13	0 	活泼
19	35	41	0 	活泼
3	18	17	105 	正经
8	115	46	21 	活泼
5	69	48	0 	活泼
4	54	43	43 	活泼
4	24	15	53 	正经
0	33	26	79 	正经
6	112	67	71 	正经
10	39	24	202 	正经
0	81	63	72 	正经
5	27	31	110 	正经
2	7	24	110 	正经
3	6	29	70 	正经
248	242	358	0 	活泼
7	164	46	20 	活泼
0	35	40	40 	正经
2	14	12	138 	正经
4	59	31	0 	活泼
4	18	27	137 	正经
2	58	47	31 	正经
14	21	29	0 	活泼
160	214	150	54 	活泼
6	41	89	0 	正经
22	229	680	64 	活泼
10	65	102	0 	活泼
9	60	131	39 	正经
2	46	37	32 	活泼
7	129	84	37 	活泼
3	18	18	0 	活泼
6	46	46	65 	正经
4	8	28	138 	正经
5	6	20	82 	正经
7	82	75	119 	活泼
1	7	12	125 	正经
2	35	17	261 	正经
1	3	11	95 	正经
5	112	122	29 	活泼
9	29	26	138 	正经
3	16	27	0 	活泼
2	115	62	26 	正经
1	50	32	29 	正经
3	107	37	43 	活泼
6	48	34	138 	正经
5	10	29	77 	正经
6	23	46	96 	正经
8	93	99	37 	正经
19	208	92	21 	活泼
5	44	48	51 	活泼
0	11	19	98 	正经
6	25	40	138 	正经
27	110	79	172 	正经
17	6	56	0 	活泼
3	53	40	45 	活泼
4	32	58	0 	活泼
26	123	138	8 	正经
2	25	32	55 	活泼
0	2	13	0 	正经
6	29	30	0 	活泼
2	19	26	118 	正经
3	9	23	78 	正经
4	82	80	11 	活泼
2	62	55	70 	活泼
0	47	31	57 	活泼
0	54	67	29 	活泼
0	15	14	116 	正经
9	19	28	160 	正经
0	15	16	0 	活泼
2	28	21	74 	活泼
2	51	33	0 	活泼
2	23	27	312 	活泼
1	56	31	86 	活泼
23	17	31	0 	活泼
3	82	41	92 	活泼
1	31	25	0 	活泼
19	101	89	36 	活泼
5	14	30	113 	正经
6	11	20	83 	正经
17	105	95	23 	活泼
4	33	61	39 	活泼
15	190	100	10 	活泼
6	61	55	0 	活泼
5	24	36	74 	活泼
7	56	44	22 	活泼
3	30	38	0 	活泼
1	9	6	110 	正经
4	37	22	138 	正经
1	22	23	50 	活泼
8	93	122	41 	活泼
2	7	24	0 	活泼
3	33	19	30 	活泼
0	48	46	21 	正经
5	63	41	84 	正经
4	29	29	105 	正经
4	10	19	74 	正经
8	125	90	32 	活泼
4	55	46	0 	活泼
7	44	49	0 	活泼
1	17	18	0 	活泼
13	18	34	34 	活泼
0	43	41	100 	活泼
2	6	19	120 	正经
6	31	17	138 	正经
38	116	127	57 	活泼
2	93	100	36 	活泼
1	62	55	33 	活泼
9	219	98	54 	正经
10	27	41	124 	正经
5	9	21	66 	正经
14	93	64	76 	活泼
6	44	57	32 	活泼
1	13	19	91 	正经
1	44	54	49 	正经
1	13	15	105 	正经
7	33	26	156 	正经
2	24	22	189 	正经
7	36	34	0 	活泼
1	37	38	61 	活泼
4	132	63	40 	活泼
16	38	34	220 	正经
3	132	65	55 	活泼
0	45	30	66 	活泼
4	27	39	91 	正经
7	14	29	70 	正经
1	4	20	95 	正经
3	65	68	108 	活泼
10	57	111	64 	活泼
8	76	76	40 	活泼
2	46	55	0 	活泼
4	52	48	104 	正经
8	20	30	0 	正经
1	46	18	117 	正经
3	22	26	138 	正经
1	53	40	138 	活泼
1	57	47	117 	活泼
8	20	41	0 	活泼
1	26	19	85 	正经
8	131	54	129 	活泼
12	68	64	0 	活泼
1	42	33	31 	正经
1	7	14	81 	正经
8	117	41	118 	正经
5	24	32	70 	正经
29	19	73	40 	活泼
3	40	45	30 	正经
2	9	13	138 	正经
8	31	24	137 	正经
9	187	102	43 	活泼
0	75	49	32 	正经
2	53	45	0 	活泼
0	23	20	62 	正经
9	111	51	37 	正经
4	27	33	44 	正经
5	6	31	100 	正经
8	10	18	79 	正经
10	84	64	128 	活泼
5	43	47	0 	正经
1	26	40	0 	活泼
10	33	29	137 	正经
0	5	6	96 	正经
2	56	45	43 	活泼
9	98	93	98 	活泼
2	9	18	72 	正经
3	120	56	76 	活泼
0	51	51	9 	活泼
5	29	29	103 	正经
5	12	22	66 	正经
5	30	22	106 	正经
2	36	20	121 	正经
17	50	64	0 	活泼
1	12	15	115 	正经
43	67	148	0 	正经
7	17	26	137 	正经
62	297	253	13 	正经
18	66	31	64 	正经
17	90	108	22 	活泼
1	39	25	52 	活泼
4	41	19	0 	正经
11	25	16	126 	正经
3	44	27	103 	正经
5	24	28	95 	正经
10	17	31	67 	正经
5	48	71	0 	活泼
4	15	52	0 	正经
4	73	49	30 	活泼
1	10	15	72 	正经
2	47	15	138 	正经
20	230	175	19 	正经
11	66	26	138 	正经
20	86	88	24 	活泼
1	59	73	20 	活泼
8	83	51	18 	活泼
4	93	33	40 	活泼
6	29	18	77 	正经
45	35	130	0 	正经
3	48	40	28 	正经
1	58	35	29 	正经
5	81	36	32 	正经
10	43	30	105 	正经
9	27	21	79 	正经
7	56	55	35 	正经
13	80	60	60 	活泼
9	24	41	191 	活泼
2	11	14	112 	正经
4	21	22	136 	正经
1	52	38	21 	活泼
10	121	58	33 	活泼
4	127	57	26 	正经
17	122	69	124 	活泼
0	122	42	25 	活泼
1	34	41	21 	正经
4	26	32	92 	正经
4	11	22	78 	正经
2	29	23	0 	活泼
0	34	49	70 	活泼
10	60	50	55 	正经
6	105	192	47 	活泼
0	59	123	23 	活泼
2	32	63	21 	正经
11	63	44	121 	正经
1	39	48	42 	活泼
0	1	10	98 	正经
3	46	24	184 	正经
1	33	37	0 	活泼
5	98	49	0 	活泼
1	41	57	61 	正经
11	176	49	6 	活泼
7	34	37	107 	正经
9	16	39	81 	正经
68	297	117	0 	活泼
7	33	60	0 	活泼
18	93	112	0 	活泼
2	24	13	93 	正经
7	54	25	123 	正经
6	53	44	0 	活泼
5	57	108	27 	活泼
5	128	120	76 	活泼
1	16	18	21 	正经
11	59	74	32 	活泼
5	114	54	26 	活泼
1	72	29	33 	活泼
1	59	24	57 	正经
8	31	38	103 	正经
4	12	22	80 	正经
8	101	110	38 	活泼
4	42	17	138 	正经
7	13	21	66 	正经
4	40	23	110 	正经
0	49	27	25 	正经
4	73	33	29 	正经
74	123	174	0 	活泼
3	121	74	32 	正经
9	43	44	51 	正经
3	17	23	101 	正经
3	7	10	64 	正经
28	179	207	78 	正经
54	20	104	0 	活泼
2	40	70	49 	正经
0	17	20	86 	正经
6	19	44	137 	正经
2	26	76	0 	活泼
46	89	166	91 	活泼
1	27	46	34 	正经
3	66	70	17 	正经
2	101	66	69 	活泼
6	61	69	51 	正经
7	73	127	18 	正经
2	21	25	113 	正经
5	16	21	76 	正经
7	87	37	134 	正经
13	119	75	0 	活泼
5	63	50	0 	活泼
2	68	38	67 	正经
4	31	20	132 	正经
15	21	32	0 	正经
7	29	28	137 	正经
5	34	29	120 	正经
1	11	13	93 	正经
9	71	56	108 	活泼
21	132	73	94 	正经
3	84	36	285 	正经
0	15	18	0 	正经
17	70	107	0 	活泼
1	43	41	62 	正经
4	75	24	56 	正经
5	74	50	135 	正经
5	12	30	85 	正经
4	28	28	125 	正经
7	76	85	73 	活泼
16	121	129	65 	活泼
0	34	25	60 	活泼
2	29	14	117 	正经
0	23	16	88 	正经
4	61	21	137 	正经
5	81	49	61 	正经
22	181	54	89 	活泼
45	266	170	67 	正经
9	173	45	77 	活泼
14	81	52	58 	正经
9	45	55	104 	活泼
3	9	24	76 	正经
1	65	48	40 	正经
12	119	85	129 	活泼
3	26	18	131 	正经
2	104	45	37 	活泼
16	72	37	153 	正经
5	35	39	59 	正经
59	37	82	0 	活泼
10	93	42	171 	活泼
3	125	54	74 	活泼
83	412	176	84 	活泼
9	93	92	51 	活泼
5	5	31	138 	正经
4	7	24	94 	正经
50	238	234	23 	活泼
3	72	75	48 	正经
4	39	26	138 	正经
6	69	31	137 	正经
13	105	122	53 	活泼
2	81	31	0 	活泼
3	37	34	170 	正经
18	496	129	48 	活泼
2	86	42	42 	正经
2	91	58	42 	活泼
6	37	41	77 	正经
5	111	85	14 	活泼
1	51	52	41 	活泼
1	16	26	129 	正经
6	34	40	137 	正经
30	100	127	0 	活泼
2	51	53	66 	活泼
3	29	73	74 	活泼
3	5	26	70 	正经
3	76	120	42 	活泼
5	54	79	75 	活泼
0	43	48	0 	活泼
1	92	89	36 	活泼
4	45	39	134 	正经
7	20	34	134 	正经
4	6	22	72 	正经
				
				
				
				
				
				
				
				
				
				
				
				
				
				
				
				
				
				
				
				
				
				
				
				
				
				
				
				
				
				
				
				
				
				
